0,2
1,3853
2,3375
3,3953
4,1956
5,1586
6,5870
7,3960
8,9448
9,281
10,1368
11,1263
12,487
13,886
14,2665
15,3693
16,3134
17,1757
18,610
19,5311
20,1842
21,2517
22,5173
23,9222
24,7365
25,19690
26,6336
27,5876
28,8692
29,9112
30,4800
31,2750
32,7862
33,1942
34,1200
35,2705
36,683
37,959
38,3403
39,1533
40,2883
41,1563
42,4354
43,10074
44,6632
45,1574
46,5629
47,416
48,1650
49,7437
50,1224
51,2239
52,1492
53,4374
54,1349
55,571
56,2001
57,1096
58,3038
59,1158
60,1777
61,5417
62,1090
63,2627
64,1032
65,2263
66,6914
67,8049
68,7732
69,7209
70,2655
71,8322
72,1103
73,3419
74,659
75,2314
76,1840
77,2396
