0111,1102
0112,910
0113,400
0114,464
0121,382
0122,658
0123,602
0124,511
0131,340
0132,304
0133,210
0211,248
0212,243
0213,130
0214,155
0215,110
0221,134
0222,319
0223,241
0224,143
0225,137
0231,132
0232,99
0233,137
0234,273
0235,151
0311,82
0312,192
0313,137
0314,183
0321,222
0322,155
0323,215
0324,248
0331,254
0332,217
0333,180
0334,165
0411,283
0412,334
0413,242
0414,370
0421,297
0422,163
0423,318
0424,197
0431,254
0432,178
0433,187
0434,85
0511,383
0512,215
0513,352
0522,157
0523,216
0524,233
0531,183
0532,123
0533,130
0611,200
0612,282
0613,187
0614,178
0621,246
0622,502
0623,362
0624,290
0631,225
0632,425
0633,127
0634,199
0711,159
0712,207
0713,143
0714,118
0715,93
0722,140
0723,196
0724,143
0725,188
0726,111
0731,112
0732,102
0733,133
0734,124
0735,182
0811,180
0812,126
0813,310
0814,128
0815,290
0821,321
0822,170
0823,330
0824,171
0825,257
0831,247
0832,199
0833,617
0834,296
0835,298
0911,104
0912,318
0913,217
0914,288
0915,247
0921,115
0922,178
0923,132
0924,304
0925,191
0931,136
0932,132
0933,116
0934,135
0935,139
1011,149
1012,148
1013,171
1014,161
1021,120
1022,149
1023,163
1024,137
1031,180
1032,71
1033,180
1034,257
1111,200
1112,152
1113,133
1114,96
1115,116
1121,151
1122,201
1123,143
1124,99
1125,56
1131,98
1132,195
1133,176
1134,160
1135,158
1211,165
1212,255
1213,240
1214,398
1215,302
1221,312
1222,174
1223,277
1224,354
1225,199
1231,250
1232,472
1233,236
1234,160
1235,183
1411,197
1412,213
1413,152
1414,204
1421,145
1422,139
1423,161
1424,534
1431,246
1432,447
1433,392
1434,372
1511,115
1512,121
1513,132
1522,254
1523,128
1524,148
1531,157
1532,179
1533,224
1611,98
1612,103
1613,147
1614,106
1621,104
1622,224
1623,234
1624,193
1631,105
1632,131
1633,258
1634,157
1651,246
1652,39
1653,76
1654,62
1655,26
1711,176
1712,328
1713,114
1722,374
1723,256
1724,188
1731,244
1732,312
1733,242
1811,330
1812,258
1813,187
1814,395
1821,407
1822,349
1823,105
1824,403
1831,830
1832,332
1833,800
1834,1122
1911,234
1912,188
1913,231
1914,245
1915,196
1921,300
1922,286
1923,282
1924,461
1925,468
1931,318
1932,274
1933,395
1934,377
1935,363
2011,169
2012,137
2013,125
2022,66
2023,307
2024,113
2031,127
2032,159
2033,93
2211,221
2212,319
2213,234
2221,229
2222,175
2223,210
2232,191
2233,163
2234,311
2411,226
2412,164
2413,291
2422,345
2423,136
2424,150
2431,101
2432,184
2433,201
2511,106
2512,360
2513,129
2514,164
2515,175
2521,274
2522,141
2523,174
2524,164
2525,97
2531,148
2532,171
2533,580
2534,177
2535,150
